2, 165
1, 3
2, 4, 119
3, 5, 81
4, 6
5, 7, 20, 100, 101
6, 8
7, 9, 20, 61
8, 10, 84, 85, 104
9, 11
10, 12, 163, 164
11, 13, 145, 146
12, 14
13, 15, 105, 106, 132
14, 16
15, 17, 52, 53
16, 18, 19
17, 19
17, 18, 135
6, 8, 21, 62
20, 22, 100
21, 23, 82, 99
22, 24, 99, 118
23, 25, 97, 98, 158, 166, 167
24, 26
25, 27
26, 28, 120, 121
27, 29
28, 30
29, 31
30, 32, 137, 138
31, 33, 169
32, 34
33, 35, 155, 156
34, 36
35, 37, 142
36, 38, 171, 172
37, 39
38, 40, 175, 176
39, 41, 70, 71
40, 42
41, 43
42, 44
43, 45, 91
44, 46
45, 47
46, 48
47, 49
48, 50
49, 51, 134, 135
50, 52
16, 51
16, 54
53, 55
54, 56, 107
55, 57, 143
56, 58, 111, 112
57, 59, 173, 174
58, 60
59, 61
8, 60, 102, 103
20, 22, 63, 83
62, 64, 99, 117
63, 65
64, 66, 159, 160
65, 67
66, 68, 125
67, 69
68, 70, 126, 127, 149, 150
40, 69
40, 72
71, 73
72, 74, 176
73, 75, 172
74, 76
75, 77
76, 78
77, 79
78, 80
79, 142
4, 82
22, 81
62, 84
9, 83
9, 86, 115, 116
85, 87
86, 88
87, 89, 161, 162
88, 90, 147, 148
89, 91, 129, 130
90, 44
93, 136
92, 94
93, 95
94, 96, 120
95, 97
24, 96
24, 99
22, 23, 63, 98
6, 21
6, 102
101, 61
61, 104
9, 103, 105, 114, 115, 164, 174
14, 104, 144, 145
14, 107
55, 106
109, 173
108, 110
109, 111
57, 110
57, 113
112, 114
104, 113
85, 104
85, 117
63, 116
23, 119
3, 118
27, 95
27, 122
121, 123
122, 124, 168, 169
123, 125
67, 124, 126, 151
69, 125
69, 128
127, 129
128, 90
90, 131
130, 132
14, 131, 133
132, 134
50, 133
19, 50
92, 137
31, 136
31, 139
138, 140
139, 141
140, 142
80, 141
56, 144
105, 143
12, 105
12, 147
89, 146
89, 149
69, 148
69, 151
125, 150, 152, 175
151, 153
152, 154, 169, 170
153, 155
34, 154
34, 157
140, 156
24, 159
65, 123, 158
65, 161
88, 160
88, 163
11, 162
11, 104
1, 166
24, 165
24, 168
123, 167
32, 123, 153
153, 171
37, 170
37, 74
58, 108
58, 104
39, 175
39, 73